2.68571323273 4.72550210613 -1
3.03924403618 7.15498287404 -1
2.54382799738 3.32408342664 -1
3.07252745713 4.17580698776 -1
1.9693128013 4.16224034042 -1
6.1169459598 0.134442937975 1
6.39033110806 9.45887464665 -1
9.90305099209 3.1721644122 1
9.64631401173 7.41689189877 1
1.95247141075 9.29976649377 -1
4.15921854223 6.95367929136 -1
0.393140434272 2.97358872905 -1
9.31641696784 9.69513050488 1
3.71197374515 5.72567001004 -1
3.46647797411 5.94243769168 -1
5.63518996352 9.38466765607 -1
0.755866683707 7.81199800487 -1
8.29907735245 2.89402160701 1
2.15873222789 6.27603283588 -1
0.52219290621 2.93654857359 -1
2.98585506597 4.23175861518 -1
3.55337563692 8.18085846732 -1
8.39817086885 2.85733213399 1
2.06298396106 7.08445047898 -1
0.392801103392 7.92725376051 -1
2.27309998445 3.19471370082 -1
3.53057803908 7.95466650668 -1
8.43809268721 7.2204386627 1
9.95545527438 5.35657629805 1
2.6345921437 8.12863404986 -1
4.98244111406 1.39364917141 1
2.22589823414 5.74960478896 -1
1.42135869974 3.27915837213 -1
9.20531897034 5.27787372843 1
6.96895037218 5.40925331447 1
0.22570858395 8.48100467192 -1
5.6781907611 1.87625953621 1
2.68499915655 4.99854005121 -1
7.44236624885 3.20276334426 1
4.81772106134 7.37178748955 -1
8.96664167066 0.665408637058 1
6.36414053149 2.2095230812 1
1.20360165235 3.72460039874 -1
1.46216685592 2.02181308438 -1
8.80783943863 2.5000707879 1
2.79333164443 3.99293392246 -1
0.442554887956 4.53836830421 -1
0.176953874212 7.36287414039 -1
0.348114140733 4.34499193853 -1
4.90163513864 7.72335672167 -1
6.87471957156 1.76858064362 1
6.54214086772 5.17822317304 1
2.14545546648 2.97591411841 -1
4.617784067 9.328337043 -1
0.812080423943 9.4124460102 -1
4.613933144 1.30550671797 1
7.1346047419 9.86935062318 -1
7.20149706563 5.37868345121 1
6.79176282963 6.27831563894 1
2.26081095305 4.26459324015 -1
3.37779623242 3.68968237177 -1
3.29511519413 4.75556466181 -1
8.72691428583 8.41075834658 1
9.69111773324 2.48926836217 1
2.33547056609 3.61748194077 -1
7.19252694076 2.88460433681 1
4.09423495143 4.87473512586 -1
1.48824280682 1.67211589083 -1
2.29254345058 8.65371398396 -1
1.29602245954 1.02983661649 -1
8.83272699428 2.6232266688 1
3.88562683369 5.43839348718 -1
6.66520276514 3.08119330033 1
3.74573806196 1.48327416748 1
1.52216100781 5.79381862799 -1
0.300945190932 1.07007792581 -1
5.2971734952 3.11565850213 1
2.97721243279 6.3434034336 -1
7.68718378647 6.04374809713 1
8.8706114172 4.03666356552 1
6.77582644155 1.06801570214 1
5.6890640941 4.3003178978 1
5.03817070484 3.75676694735 1
2.73214034154 7.42342051864 -1
7.22898836195 5.61113427255 1
